0	10.6806
1	10.6717
2	10.6780
3	10.6532
4	10.6031
5	10.4764
6	10.4226
7	10.3677
8	10.2805
9	10.2183
10	10.2145
11	10.1541
12	10.0890
13	10.0274
14	10.0324
15	9.9558
16	9.9912
17	9.8528
18	9.9027
19	9.6880
20	9.8273
21	9.7099
22	9.6974
23	9.7246
24	9.5323
25	9.6092
26	9.5334
27	9.4154
28	9.4096
29	9.3830
30	9.3832
31	9.4364
32	9.1640
33	9.1176
34	9.1428
35	9.0400
36	8.9923
37	8.7960
38	8.8053
39	8.8835
40	8.6512
41	8.5164
42	8.5015
43	8.5072
44	8.3722
45	8.3060
46	8.2126
47	8.2690
48	7.9459
49	8.0382
50	7.8998
51	7.7206
52	7.6924
53	7.6104
54	7.3133
55	7.5091
56	7.2894
57	7.1509
58	7.0852
59	6.9196
60	6.8727
61	6.8647
62	6.6515
63	6.8166
64	6.5079
65	6.5461
66	6.3964
67	6.3683
68	6.2227
69	6.0928
70	6.2682
71	6.3749
72	5.9929
73	5.8462
74	5.7189
75	5.4588
76	5.4750
77	5.7130
78	5.3576
79	5.5237
80	5.5556
81	5.1813
82	5.3408
83	5.2508
84	5.2545
85	5.2929
86	5.2181
87	5.3509
88	4.9412
89	5.2558
90	4.7963
91	5.1141
92	5.1570
93	4.7850
94	4.6655
95	4.6253
96	4.8601
97	4.6759
98	4.6688
99	5.1209
100	4.8936
101	4.8925
102	4.8918
103	4.9178
104	4.6759
105	4.6694
106	4.6376
107	4.7915
108	4.5753
109	4.7868
110	4.4582
111	4.7741
112	4.8059
113	4.7312
114	4.6687
115	4.8896
116	4.3982
117	4.6687
118	4.4337
119	4.3868
120	4.8865
121	4.5738
122	4.4574
123	4.2378
124	4.1738
125	4.4282
126	4.7833
127	4.6008
128	4.4445
129	4.3919
130	4.6537
131	4.6285
132	4.2591
133	4.3277
134	4.2410
135	4.2814
136	5.0836
137	5.0681
138	4.5582
139	4.1819
140	4.5791
141	4.6553
142	4.3855
143	4.2568
144	4.2211
145	4.5900
146	4.3536
147	4.2654
148	3.9511
149	4.5440
150	4.4944
151	4.2223
152	3.9990
153	4.6065
154	4.8569
155	4.5926
156	4.6835
157	4.6000
158	4.2824
159	4.4262
160	4.1467
161	4.0225
162	4.2263
163	4.4745
164	4.0246
165	4.6151
166	4.2622
167	4.4744
168	4.4344
169	4.3649
170	4.2644
171	3.7146
172	4.1701
173	4.7983
174	4.6582
175	3.9371
176	4.4280
177	4.5392
178	4.2606
179	4.4300
180	3.9517
181	4.1598
182	4.3619
183	4.7014
184	4.2844
185	4.4576
186	4.4080
187	4.1480
188	4.8252
189	4.3922
190	3.9324
191	4.6858
192	4.4124
193	4.5311
194	4.7848
195	3.9199
196	4.4729
197	4.2336
198	4.0835
199	4.1744
200	4.3077
201	3.9004
202	4.1843
203	4.0751
204	4.1472
205	4.1879
206	4.0334
207	4.2182
208	3.9479
209	4.2395
210	4.5728
211	3.8092
212	4.0028
213	4.1648
214	4.0896
215	4.1788
216	3.7930
217	4.2192
218	4.2329
219	4.0566
220	4.4448
221	4.2278
222	4.5550
223	3.8952
224	4.2305
225	3.8248
226	4.3760
227	4.3610
228	4.1010
229	4.1910
230	3.9578
231	4.3051
232	4.3895
233	3.8049
234	4.2945
235	4.2881
236	3.7261
237	3.8960
238	3.6415
239	4.2784
240	3.6058
241	4.0512
242	4.5169
243	3.9452
244	4.2930
245	3.6624
246	4.2147
247	4.5070
248	3.9973
249	4.2754
250	3.7418
251	3.8249
252	3.8932
253	3.8914
254	4.0660
255	3.9257
256	3.7374
257	4.3542
258	4.0474
259	3.8023
260	4.5540
261	3.8843
262	4.2005
263	3.4409
264	3.9615
265	3.9214
266	3.8791
267	3.6747
268	3.6555
269	4.4955
270	4.1890
271	3.9823
272	4.0930
273	4.3676
274	4.0021
275	4.1835
276	3.9931
277	4.0124
278	3.8724
279	4.1778
280	3.8923
281	4.0648
282	3.7500
283	3.9822
284	3.8246
285	3.9253
286	3.8535
287	3.6899
288	3.5573
289	3.9666
290	3.7134
291	3.8052
292	4.1054
293	3.6547
294	4.0097
295	4.1180
296	3.8976
297	4.3582
298	3.8032
299	4.0320
300	4.0854
301	3.8573
302	3.9355
303	3.9107
304	3.5920
305	4.1153
306	4.0236
307	3.9304
308	4.0466
309	3.6281
310	3.8986
311	3.8087
312	3.9420
313	4.1235
314	3.9293
315	3.6675
316	3.9198
317	3.5976
318	3.8732
319	4.1090
320	3.9025
321	3.7863
322	3.6856
323	4.3977
324	3.8426
325	3.9389
326	3.6518
327	3.6181
328	3.8140
329	3.8893
330	4.0106
331	3.8157
332	3.7240
333	3.6362
334	3.8646
335	3.8806
336	4.0035
337	3.8970
338	3.9613
339	3.8519
340	3.9628
341	3.8984
342	3.6641
343	4.0638
344	3.8519
345	4.5193
346	3.9728
347	3.4893
348	3.8612
349	3.9678
350	3.6689
351	3.9581
352	3.8726
353	4.1208
354	3.8989
355	4.1631
356	4.1172
357	3.9958
358	3.9157
359	3.9675
360	3.9625
361	3.9671
362	3.8407
363	3.9025
364	3.9142
365	3.8339
366	3.8615
367	4.1633
368	3.7051
369	3.9288
370	3.9951
371	3.8778
372	3.7348
373	3.7601
374	3.7958
375	3.5512
376	4.0295
377	3.8418
378	3.8569
379	3.7124
380	4.4158
381	3.5277
382	4.0905
383	3.9810
384	3.8068
385	3.7207
386	3.5697
387	3.4660
388	3.9404
389	4.1039
390	4.0320
391	3.7287
392	4.0758
393	3.7884
394	3.6619
395	4.0568
396	3.8259
397	3.9486
398	3.4673
399	3.9847
400	3.8375
401	3.4861
402	3.6620
403	4.0981
404	3.7076
405	3.4603
406	3.7281
407	3.7523
408	3.6078
409	3.8251
410	3.6797
411	3.6994
412	3.7509
413	3.9259
414	3.9611
415	3.9171
416	3.8542
417	3.7127
418	4.3161
419	4.0334
420	3.6123
421	3.9532
422	3.7828
423	3.4751
424	3.6401
425	3.4580
426	4.0687
427	3.9154
428	4.1192
429	3.6570
430	3.9871
431	3.8671
432	3.7299
433	3.8786
434	3.4418
435	3.6755
436	3.6406
437	4.1420
438	3.7058
439	3.6823
440	3.6706
441	3.7836
442	4.0317
443	3.7719
444	4.0252
445	3.4760
446	3.8387
447	3.8210
448	4.2799
449	3.9265
450	3.3637
451	3.8585
452	3.5483
453	3.6491
454	3.9329
455	3.7421
456	3.8754
457	3.4324
458	3.8084
459	3.5281
460	4.0775
461	3.9665
462	3.8482
463	4.0487
464	3.8539
465	4.1546
466	3.7333
467	3.7741
468	3.4068
469	3.5703
470	3.7848
471	3.8079
472	3.8106
473	3.4201
474	3.8126
475	3.5074
476	3.7421
477	3.6766
478	3.8353
479	3.8463
480	3.7514
481	3.9113
482	3.9856
483	3.9587
484	3.7428
485	3.7307
486	4.2189
487	3.5876
488	3.9378
489	3.9653
490	3.9509
491	3.3511
492	3.4937
493	3.7658
494	3.4825
495	3.5112
496	3.5577
497	4.2386
498	3.7583
499	3.6402
500	3.8096
501	3.6668
502	3.7807
503	3.4649
504	4.0061
505	4.0812
506	4.1595
507	4.1300
508	3.7337
509	3.9517
510	3.7429
511	3.6972
512	3.5287
513	4.0091
514	3.8316
515	3.5285
516	3.5559
517	4.1057
518	3.6963
519	3.4972
520	3.9530
521	3.6397
522	3.5891
523	3.7332
524	3.8778
525	3.8473
526	3.6636
527	3.7408
528	3.5589
529	3.8807
530	3.6572
531	3.7109
532	4.2478
533	3.7943
534	3.7554
535	4.0170
536	3.6800
537	3.6802
538	3.4538
539	4.1116
540	3.8891
541	3.7102
542	3.7954
543	3.3792
544	3.7615
545	3.7592
546	4.0661
547	3.5924
548	3.4377
549	4.1164
550	3.7047
551	3.7774
552	3.5077
553	3.4078
554	4.0503
555	3.8802
556	3.7039
557	3.5856
558	3.7839
559	3.6556
560	3.8662
561	3.5755
562	3.7892
563	3.5992
564	3.5243
565	3.7211
566	3.6742
567	3.6227
568	3.3789
569	3.6456
570	3.8368
571	3.7124
572	3.7228
573	3.5236
574	3.6678
575	3.5810
576	3.2598
577	4.2964
578	3.4021
579	3.5216
580	3.7110
581	3.7184
582	3.9447
583	3.9106
584	3.3619
585	3.5606
586	3.8070
587	3.7392
588	4.2633
589	3.5058
590	3.6463
591	3.5491
592	3.8227
593	3.7436
594	3.7477
595	3.6495
596	3.5224
597	4.0651
598	3.7253
599	3.8315
600	3.7156
601	3.7606
602	3.7933
603	3.3653
604	3.8097
605	3.7425
606	3.1855
607	3.6588
608	3.5723
609	3.5128
610	3.3678
611	4.2437
612	3.8986
613	3.4509
614	3.2588
615	3.7222
616	3.6991
617	3.2869
618	3.6025
619	3.8434
620	3.6591
621	3.4392
622	3.7555
623	3.5441
624	3.7135
625	3.9968
626	3.4405
627	3.5592
628	4.1505
629	3.4770
630	3.5443
631	3.3335
632	3.8425
633	3.5803
634	3.9198
635	3.5480
636	3.9028
637	3.9193
638	3.8158
639	3.8330
640	3.7682
641	3.5127
642	3.5300
643	3.7351
644	3.5812
645	3.6499
646	3.9155
647	3.9567
648	3.6743
649	3.7270
650	3.6719
651	3.9998
652	3.9432
653	3.3806
654	3.9406
655	3.5404
656	3.8574
657	3.6889
658	3.7963
659	3.8958
660	3.7701
661	3.8440
662	3.6565
663	3.3223
664	4.1693
665	3.6702
666	3.5212
667	3.7860
668	3.7138
669	3.7668
670	3.7520
671	3.8303
672	3.3764
673	3.7722
674	3.4120
675	3.9216
676	3.6141
677	4.1061
678	3.5367
679	3.3503
680	3.3906
681	3.2120
682	3.7315
683	3.4377
684	4.1008
685	3.7774
686	3.7215
687	3.5971
688	3.3248
689	3.7823
690	3.8119
691	3.5969
692	3.7546
693	3.2601
694	3.7884
695	3.6866
696	3.9832
697	3.6393
698	3.6124
699	3.3882
700	3.4857
701	3.7119
702	3.7294
703	3.5016
704	3.5038
705	3.7790
706	3.4774
707	3.3860
708	4.0289
709	4.0212
710	3.4431
711	3.2673
712	3.7466
713	3.6300
714	3.4477
715	3.7353
716	3.4220
717	3.6996
718	3.2788
719	3.7992
720	3.6617
721	3.7711
722	3.4253
723	3.7837
724	3.2941
725	3.7486
726	3.6495
727	3.3495
728	3.4396
729	3.3262
730	3.3702
731	3.9897
732	3.4400
733	3.9796
734	3.5881
735	3.6853
736	3.8985
737	3.8679
738	3.5585
739	3.6872
740	3.6103
741	3.7124
742	3.4927
743	3.9193
744	4.0130
745	3.7128
746	3.7607
747	3.5400
748	3.7274
749	3.4643
750	4.0387
751	3.4811
752	3.4167
753	3.7977
754	3.4820
755	3.5264
756	3.5818
757	3.5869
758	3.6697
759	3.7004
760	3.4238
761	3.7827
762	3.5613
763	3.3552
764	3.9810
765	3.5458
766	4.0481
767	3.4142
768	3.7561
769	4.0105
770	3.5830
771	3.3026
772	3.2625
773	3.9819
774	3.8250
775	3.6732
776	3.8656
777	3.6102
778	3.4394
779	3.8373
780	3.5162
781	3.6362
782	3.6258
783	3.5987
784	3.2952
785	3.3801
786	3.5386
787	3.6161
788	3.7768
789	3.6512
790	3.5549
791	3.6245
792	3.9167
793	3.7278
794	3.3410
795	3.6226
796	3.5915
797	3.0944
798	3.7119
799	3.6073
800	3.3811
801	4.1680
802	3.8260
803	3.9335
804	3.6313
805	3.6731
806	3.8315
807	3.4577
808	3.5804
809	3.2597
810	3.7250
811	3.4732
812	3.7719
813	3.6621
814	3.7957
815	3.3827
816	3.0931
817	3.9026
818	3.4411
819	3.9640
820	3.9710
821	3.9041
822	3.5452
823	3.6472
824	3.6095
825	3.4563
826	3.6436
827	3.5933
828	3.4985
829	3.9346
830	3.5301
831	3.1721
832	3.3506
833	3.4495
834	3.3826
835	3.4679
836	3.6116
837	3.7107
838	4.2402
839	3.5622
840	3.6102
841	3.3106
842	3.4064
843	3.8115
844	3.9026
845	3.8942
846	3.9124
847	3.9264
848	3.9082
849	3.3867
850	3.9801
851	3.6610
852	3.6859
853	3.5993
854	3.6044
855	3.7983
856	3.5271
857	3.7464
858	3.7467
859	3.4065
860	3.8541
861	3.8785
862	3.6817
863	3.5330
864	3.3011
865	3.2265
866	3.7090
867	3.4482
868	3.8773
869	3.5717
870	3.4148
871	3.6458
872	3.6632
873	3.3477
874	3.5979
875	3.5075
876	3.4769
877	3.5011
878	3.2220
879	3.2875
880	3.3597
881	3.5720
882	3.9349
883	3.1253
884	3.6772
885	3.0967
886	3.4349
887	3.5069
888	3.5701
889	3.6825
890	3.6892
891	3.4448
892	3.8565
893	3.3734
894	3.5574
895	3.5972
896	3.9775
897	3.1382
898	3.6111
899	3.6261
900	4.0376
901	3.9650
902	3.4799
903	3.4556
904	3.5454
905	3.5369
906	3.3177
907	3.4602
908	3.6135
909	3.6937
910	3.6563
911	3.5207
912	3.6113
913	3.4116
914	3.5706
915	3.5291
916	3.6823
917	3.3818
918	3.5463
919	3.4827
920	3.7829
921	3.2417
922	3.3878
923	3.3726
924	3.4653
925	3.3911
926	3.9725
927	3.3949
928	3.5825
929	3.3928
930	3.8835
931	3.4662
932	3.7141
933	3.5402
934	3.6076
935	3.4544
936	3.6687
937	3.3993
938	3.6812
939	3.7420
940	3.2326
941	3.0637
942	3.7192
943	3.5490
944	3.3242
945	3.2101
946	3.6884
947	3.6840
948	3.7493
949	3.7126
950	3.4307
951	3.8111
952	3.4701
953	4.2151
954	3.5443
955	3.4828
956	3.8642
957	3.1806
958	3.5748
959	3.5426
960	3.8743
961	3.4051
962	3.2271
963	3.6710
964	3.7649
965	3.4273
966	3.7580
967	3.4947
968	3.7289
969	3.2999
970	3.6053
971	3.5903
972	3.0863
973	3.4828
974	3.5172
975	3.2702
976	3.7115
977	3.8508
978	3.8304
979	3.5223
980	3.4955
981	3.5262
982	3.3857
983	3.4972
984	3.5769
985	3.4146
986	3.5680
987	3.7450
988	3.7367
989	3.5437
990	3.6132
991	3.4942
992	3.5602
993	3.1470
994	3.6569
995	3.7611
996	3.2612
997	3.3158
998	3.2907
999	3.2675
1000	3.6435
